[gd_scene load_steps=2 format=3 uid="uid://2ppcs07j5k6d"]

[ext_resource type="PackedScene" uid="uid://chbdnqitpscf0" path="res://Maps/Map1/tree_darkgreen.glb" id="1_xbgyo"]

[node name="DarkgreenForest" type="Node3D"]

[node name="tree_darkgreen" parent="." instance=ExtResource("1_xbgyo")]
transform = Transform3D(1, 0, 0, 0, 1, 0, 0, 0, 1, -1.32034, -1.19209e-07, -0.893867)

[node name="tree_darkgreen2" parent="." instance=ExtResource("1_xbgyo")]
transform = Transform3D(0.882348, -0.207058, 0.422599, 0.186744, 0.978329, 0.0894407, -0.43196, 0, 0.901893, -16.8958, -1.19209e-07, -5.62325)

[node name="tree_darkgreen3" parent="." instance=ExtResource("1_xbgyo")]
transform = Transform3D(0.815895, 0.0744796, -0.573382, 0, 0.991669, 0.128813, 0.578199, -0.105098, 0.809098, -8.10983, -1.19209e-07, -8.38222)

[node name="tree_darkgreen4" parent="." instance=ExtResource("1_xbgyo")]
transform = Transform3D(0.917599, 0.096228, 0.385685, -0.158513, 0.978355, 0.133026, -0.364536, -0.1832, 0.91299, 9.48295, -0.137359, -9.78002)

[node name="tree_darkgreen5" parent="." instance=ExtResource("1_xbgyo")]
transform = Transform3D(0.933718, -0.0571773, -0.353414, 0, 0.987164, -0.159709, 0.358009, 0.149123, 0.921733, -10.8999, -1.19209e-07, 11.3166)

[node name="tree_darkgreen6" parent="." instance=ExtResource("1_xbgyo")]
transform = Transform3D(0.960833, 0.169473, -0.219267, -0.1737, 0.984799, 0, 0.215934, 0.0380867, 0.975665, 5.1397, -1.19209e-07, 7.16099)

[node name="tree_darkgreen7" parent="." instance=ExtResource("1_xbgyo")]
transform = Transform3D(0.929488, 0.107687, 0.352782, -0.0585598, 0.987385, -0.14711, -0.364174, 0.116078, 0.924069, 20.9919, -1.19209e-07, -0.893867)

[node name="tree_darkgreen8" parent="." instance=ExtResource("1_xbgyo")]
transform = Transform3D(0.907901, 0.146347, 0.392808, -0.0910003, 0.98354, -0.156104, -0.409188, 0.105981, 0.906274, -27.8739, -1.19209e-07, 4.40821)

[node name="tree_darkgreen9" parent="." instance=ExtResource("1_xbgyo")]
transform = Transform3D(0.890581, 0.157082, -0.426837, -0.1737, 0.984799, 0, 0.420349, 0.0741415, 0.904328, 17.7323, -1.19209e-07, 14.7611)
