[gd_scene load_steps=3 format=3 uid="uid://dtivihjbyspj7"]

[ext_resource type="PackedScene" uid="uid://bm5rel43nn3py" path="res://Maps/Map1/tree_lightgreen.glb" id="1_sbh2l"]
[ext_resource type="PackedScene" uid="uid://chbdnqitpscf0" path="res://Maps/Map1/tree_darkgreen.glb" id="2_p2dpy"]

[node name="DarkgreenLightgreenForest" type="Node3D"]

[node name="tree_lightgreen" parent="." instance=ExtResource("1_sbh2l")]
transform = Transform3D(0.719388, 0, 0.694608, 0, 1, 0, -0.694608, 0, 0.719388, 1.82269, 0, 6.22747)

[node name="tree_lightgreen2" parent="." instance=ExtResource("1_sbh2l")]
transform = Transform3D(0.49294, 0, 0.870063, -0.0502966, 0.998328, 0.0284959, -0.868608, -0.057808, 0.492116, -6.02869, 0, -9.92124)

[node name="tree_lightgreen3" parent="." instance=ExtResource("1_sbh2l")]
transform = Transform3D(0.211222, 0, 0.977438, 0, 1, 0, -0.977438, 0, 0.211222, 32.6242, 0, -13.9092)

[node name="tree_darkgreen" parent="." instance=ExtResource("2_p2dpy")]
transform = Transform3D(0.949836, -0.120327, -0.288673, 0.0916555, 0.989595, -0.110913, 0.299015, 0.0788908, 0.950982, -18.4303, -0.269779, 1.34343)

[node name="tree_darkgreen2" parent="." instance=ExtResource("2_p2dpy")]
transform = Transform3D(0.846175, 0, -0.532906, 0, 1, 0, 0.532906, 0, 0.846175, 13.9688, 0, -8.92374)

[node name="tree_darkgreen3" parent="." instance=ExtResource("2_p2dpy")]
transform = Transform3D(-0.479075, 0, -0.877774, 0, 1, 0, 0.877774, 0, -0.479075, 16.2802, 0, 11.7646)

[node name="tree_darkgreen4" parent="." instance=ExtResource("2_p2dpy")]
transform = Transform3D(-0.851095, 0, -0.525011, 0, 1, 0, 0.525011, 0, -0.851095, 35.3142, -0.65245, 2.98744)
