[gd_scene load_steps=2 format=3 uid="uid://bqbbqix6fn652"]

[ext_resource type="PackedScene" uid="uid://bm5rel43nn3py" path="res://Maps/Map1/tree_lightgreen.glb" id="1_crrkd"]

[node name="LightgreenForest" type="Node3D"]

[node name="tree_lightgreen" parent="." instance=ExtResource("1_crrkd")]
transform = Transform3D(1, 0, 0, 0, 1, 0, 0, 0, 1, -1.41594, -1.19209e-07, -1.4289)

[node name="tree_lightgreen6" parent="." instance=ExtResource("1_crrkd")]
transform = Transform3D(0.928283, 0.0764058, 0.36394, -0.0244955, 0.989103, -0.145174, -0.371066, 0.125847, 0.920039, -24.0287, -1.19209e-07, -13.5433)

[node name="tree_lightgreen2" parent="." instance=ExtResource("1_crrkd")]
transform = Transform3D(0.944019, -0.0968012, -0.31537, 0.0918134, 0.995304, -0.0306722, 0.316858, 0, 0.948473, -14.6508, -1.19209e-07, 5.24551)

[node name="tree_lightgreen3" parent="." instance=ExtResource("1_crrkd")]
transform = Transform3D(-0.20549, -0.0112016, -0.978595, 0.0918134, 0.995304, -0.0306722, 0.974343, -0.0961509, -0.203496, 14.8587, -1.19209e-07, -13.0784)

[node name="tree_lightgreen4" parent="." instance=ExtResource("1_crrkd")]
transform = Transform3D(-0.20549, -0.0112016, -0.978595, 0.0686111, 0.997309, -0.025823, 0.976251, -0.0724488, -0.204168, 9.03071, -1.19209e-07, 9.92246)

[node name="tree_lightgreen5" parent="." instance=ExtResource("1_crrkd")]
transform = Transform3D(0.267404, -0.043321, -0.96261, 0.0686111, 0.997309, -0.025823, 0.961139, -0.0591405, 0.269657, 27.1029, -1.19209e-07, 0.466676)
